data: tensor([[[2.4167e+02, 9.4474e+01, 9.9747e-01],
         [2.7560e+02, 5.7034e+01, 9.9358e-01],
         [2.0012e+02, 5.5456e+01, 9.9445e-01],
         [3.1478e+02, 8.1929e+01, 7.6645e-01],
         [1.3439e+02, 7.9735e+01, 8.9733e-01],
         [4.0425e+02, 2.4744e+02, 9.9518e-01],
         [6.5315e+01, 2.7638e+02, 8.9243e-01],
         [5.8151e+02, 3.2886e+02, 7.5371e-01],
         [0.0000e+00, 0.0000e+00, 7.7180e-02],
         [5.8535e+02, 1.5421e+02, 7.2355e-01], pergelangan 
         [0.0000e+00, 0.0000e+00, 1.4635e-01], pergelangan sebelahnya
         [0.0000e+00, 0.0000e+00, 4.0698e-02],
         [0.0000e+00, 0.0000e+00, 9.0864e-03],
         [0.0000e+00, 0.0000e+00, 1.7312e-03],
         [0.0000e+00, 0.0000e+00, 5.1988e-04],
         [0.0000e+00, 0.0000e+00, 3.9626e-04],
         [0.0000e+00, 0.0000e+00, 1.8165e-04]]])