conf: tensor([[9.9767e-01, 9.9570e-01, 9.9688e-01, 8.6695e-01, 9.3421e-01, 9.7436e-01, 9.5431e-01, 2.3682e-01, 1.5933e-01, 2.4370e-01, 1.7795e-01, 1.6688e-02, 1.3045e-02, 1.1060e-03, 1.0032e-03, 4.7732e-04, 4.7187e-04]])

data: tensor([[[2.6323e+02, 1.4356e+02, 9.9767e-01],
         [3.0300e+02, 9.7914e+01, 9.9570e-01],
         [2.2185e+02, 9.7385e+01, 9.9688e-01],
         [3.4850e+02, 1.0336e+02, 8.6695e-01],
         [1.6040e+02, 1.0125e+02, 9.3421e-01],
         [4.3196e+02, 2.7137e+02, 9.7436e-01],
         [7.3151e+01, 2.7713e+02, 9.5431e-01],
         [0.0000e+00, 0.0000e+00, 2.3682e-01],
         [0.0000e+00, 0.0000e+00, 1.5933e-01],
         [0.0000e+00, 0.0000e+00, 2.4370e-01],
         [0.0000e+00, 0.0000e+00, 1.7795e-01],
         [0.0000e+00, 0.0000e+00, 1.6688e-02],
         [0.0000e+00, 0.0000e+00, 1.3045e-02],
         [0.0000e+00, 0.0000e+00, 1.1060e-03],
         [0.0000e+00, 0.0000e+00, 1.0032e-03],
         [0.0000e+00, 0.0000e+00, 4.7732e-04],
         [0.0000e+00, 0.0000e+00, 4.7187e-04]]])

has_visible: True

orig_shape: (480, 640)

shape: torch.Size([1, 17, 3])

xy: tensor([[[263.2253, 143.5637],
         [303.0009,  97.9138],
         [221.8522,  97.3849],
         [348.4954, 103.3646],
         [160.4037, 101.2534],
         [431.9650, 271.3696],
         [ 73.1513, 277.1251],
         [  0.0000,   0.0000],
         [  0.0000,   0.0000],
         [  0.0000,   0.0000],
         [  0.0000,   0.0000],
         [  0.0000,   0.0000],
         [  0.0000,   0.0000],
         [  0.0000,   0.0000],
         [  0.0000,   0.0000],
         [  0.0000,   0.0000],
         [  0.0000,   0.0000]]])
         
xyn: tensor([[[0.4113, 0.2991],
         [0.4734, 0.2040],
         [0.3466, 0.2029],
         [0.5445, 0.2153],
         [0.2506, 0.2109],
         [0.6749, 0.5654],
         [0.1143, 0.5773],
         [0.0000, 0.0000],
         [0.0000, 0.0000],
         [0.0000, 0.0000],
         [0.0000, 0.0000],
         [0.0000, 0.0000],
         [0.0000, 0.0000],
         [0.0000, 0.0000],
         [0.0000, 0.0000],
         [0.0000, 0.0000],
         [0.0000, 0.0000]]])